mean	median	sd	mad	q5	q95	rhat	ess_bulk	ess_tail	2.5%	97.5%	group	country
1.10464143125	1.10463	0.00203650321192724	0.00201633600000004	1.10135	1.10804	1.00043495166383	13234.8527143782	5442.31535127162	1.10070975	1.10869	BA.2.75	Australia
1.16074787625	1.16059	0.00531514962669257	0.00514462200000012	1.15231	1.169811	1.00065315003499	11666.4953002129	5521.51951392933	1.1507095	1.171621	BQ.1	Australia
1.1951712225	1.19514	0.00667442564384406	0.00671617800000005	1.1844895	1.2063705	1.00096084946268	13346.271575913	5673.41055921782	1.18243	1.20854025	BQ.1.1	Australia
1.137393315	1.13727	0.00804512535116853	0.00794673600000005	1.124219	1.1509305	1.00154401846797	10704.6346589524	4997.42567042765	1.12216	1.15362025	XBB	Australia
1.1465821025	1.14642	0.00821003278064565	0.00819877800000005	1.133269	1.16039	1.00267708243434	10633.3494890917	4773.28261530538	1.130759	1.162961	XBB.1	Australia
1.1277259475	1.12776	0.00265659882498438	0.00269833200000023	1.12335	1.13207	1.00080710005024	10763.7542514623	5108.78898567096	1.12262	1.13285	BA.2.75	United Kingdom
1.16221847125	1.16218	0.00258085409824112	0.00257972400000011	1.1579995	1.16652	1.00018854173696	10183.4039495532	6123.02520039707	1.15723	1.16736025	BQ.1	United Kingdom
1.1973825125	1.19735	0.00309783526599796	0.00305415600000009	1.1923	1.20254	1.00161227321205	10774.7626543363	6190.39682013837	1.19137	1.20362	BQ.1.1	United Kingdom
1.20906022875	1.209005	0.0122485202766005	0.0124464269999999	1.18881	1.2297205	1.00028155569525	14035.0231070048	5394.94818746303	1.18537925	1.2330305	XBB	United Kingdom
1.31788368875	1.31766	0.0169390979160757	0.0169238790000001	1.290559	1.3467205	1.00057886232964	13168.6218203341	5858.58577899074	1.28525	1.35218175	XBB.1	United Kingdom
1.0906265125	1.09063	0.00144168603366725	0.00142329600000011	1.08824	1.093	1.00081074142722	15409.2849825975	5383.66488576073	1.08778	1.09343025	BA.2.75	USA
1.1845124125	1.18451	0.00153029025134954	0.00151225200000003	1.18195	1.18705	1.00061472360792	12198.478302193	4887.68755075785	1.18145975	1.18756025	BQ.1	USA
1.2179687425	1.21797	0.00208773053722056	0.00210529199999997	1.21456	1.22143	1.00069073134961	12040.4522068897	4931.50835281388	1.21396	1.22204	BQ.1.1	USA
1.1971608025	1.19705	0.0077246223146981	0.00788743199999999	1.1846695	1.210021	1.00110091869053	14760.3907710964	5823.36699719768	1.18223975	1.21241025	XBB	USA
1.26941926625	1.2693	0.00814257320884612	0.00796156199999981	1.256179	1.28294	1.0002174676081	11720.4447419626	5365.17585670293	1.2538695	1.28588075	XBB.1	USA
1.064653755	1.06461	0.00327426489861515	0.00327654600000007	1.0593995	1.0700605	1.00023916484295	12124.9586011993	5274.22315879593	1.05835	1.0711	BA.2.75	Austria
1.144702875	1.144455	0.0105225864269444	0.0104745690000001	1.127759	1.162492	1.0004287670062	8124.21122951168	4025.41385092965	1.12484975	1.1662805	BQ.1	Austria
1.1902949625	1.190015	0.0123626396617397	0.012209211	1.17029	1.2109705	1.00057594131994	10282.1524862896	5349.60281134915	1.1667195	1.21577025	BQ.1.1	Austria
1.1060069325	1.105855	0.0104940333241023	0.0107266110000002	1.089169	1.1234805	1.00083916603403	11703.0366550295	5255.995146289	1.086599	1.12668075	XBB	Austria
1.169765075	1.169575	0.0111546824467098	0.0110972609999999	1.15232	1.188271	1.000165534889	11561.4613233057	5598.81276148961	1.14860925	1.19219025	XBB.1	Austria
1.1453217325	1.14527	0.00377280272522884	0.00381028199999994	1.13921	1.1515105	1.00099014259283	12052.6447711748	5283.37360223836	1.13811975	1.15286	BA.2.75	Denmark
1.16924901125	1.16923	0.00384652440894725	0.00378063000000008	1.1629095	1.17566	1.00134782592636	12065.6532660911	6237.98727656835	1.16160975	1.17673025	BQ.1	Denmark
1.2035146	1.2035	0.00369844756679077	0.00373615200000011	1.19746	1.20976	1.00056983089497	11679.235497891	6235.02760134206	1.19648975	1.21087	BQ.1.1	Denmark
1.2211866475	1.220555	0.0182973233190219	0.018473196	1.192068	1.2519205	1.00057923757792	12947.7798784558	5180.73620176503	1.18696975	1.2578005	XBB	Denmark
1.235602235	1.23561	0.0114384213821331	0.0112974120000003	1.216849	1.2543705	1.00012261044568	12052.2411140329	5458.20004623926	1.21298975	1.25851025	XBB.1	Denmark
1.0989199125	1.09885	0.0061099092048209	0.00612313799999995	1.089	1.10906	1.00038241925638	9526.43909209878	6804.82059206507	1.08714	1.11084	BA.2.75	India
1.335284315	1.32597	0.0844026037841634	0.0817060859999997	1.21425	1.486741	1.0001167797873	9714.68511377512	5731.71853758559	1.1966875	1.52523475	BQ.1	India
1.244224314875	1.241045	0.0944556180679837	0.074226369	1.1072535	1.393292	1.00003604979756	9405.89591920432	5061.28031167319	1.06739775	1.4497845	BQ.1.1	India
1.3201460975	1.31997	0.011442691473994	0.0115198020000001	1.3018185	1.3392705	1.00011237228948	8996.45833667093	5522.30806567144	1.29810975	1.34306125	XBB	India
1.40630131875	1.40605	0.0211736238553252	0.0209639640000001	1.37251	1.4412525	1.00024260187266	10043.7117921394	6121.80538028703	1.36598925	1.448702	XBB.1	India
1.2032400525	1.20315	0.01030974991162	0.010244766	1.1866895	1.2208505	1.00057582690992	9931.68754118996	6160.75877743964	1.18368975	1.2241215	BA.2.75	Indonesia
1.29935191125	1.29887	0.0160497791693857	0.0160417320000001	1.27361	1.3261705	1.00006156321377	9265.32399784553	5540.55981242797	1.26932975	1.3316725	BQ.1	Indonesia
1.32775091375	1.32724	0.0190264533063374	0.018740064	1.2976685	1.3602305	0.999884521412225	9552.46758700364	6321.79083292928	1.29175825	1.365542	BQ.1.1	Indonesia
1.3735654275	1.373075	0.0178642860599521	0.017731896	1.3451795	1.403691	1.00103726196799	9545.40996311621	6072.14704690281	1.340157	1.410262	XBB	Indonesia
1.4673869975	1.466385	0.0297247848304095	0.029296176	1.419579	1.517362	1.00013952529062	8737.59999829912	5634.04155666203	1.4112095	1.52755025	XBB.1	Indonesia
1.0875329925	1.0875	0.00445130032735034	0.00450710400000023	1.08033	1.09493	1.00018315259113	10514.2443895017	5724.24367856066	1.07908	1.09632	BA.2.75	Israel
1.18169339625	1.18163	0.00570449655211571	0.00563388000000004	1.17237	1.19126	1.00099070472995	12552.2138960891	5673.3032942624	1.17082975	1.19319025	BQ.1	Israel
1.21581170125	1.21574	0.00531268507170172	0.00542631599999999	1.20725	1.2244705	0.999988393075719	10533.2815448166	5583.5596327839	1.20557975	1.22629025	BQ.1.1	Israel
1.181244315	1.18074	0.0159261390721039	0.0157155599999999	1.1558095	1.20853	1.00010908844149	12286.079292748	5845.43307081768	1.1507895	1.21490075	XBB	Israel
1.19195328625	1.19179	0.0123615921014638	0.01237971	1.172109	1.2126105	1.00071697374178	10659.9998136705	5728.6278930551	1.16815	1.21613025	XBB.1	Israel
1.1565514675	1.15641	0.0076480735973291	0.00754643400000006	1.1440895	1.1692205	1.0010198884001	11277.184426406	5791.43854625262	1.14188875	1.1715	BA.2.75	Malaysia
1.305525245	1.30326	0.0370851980334354	0.0369760440000003	1.2480825	1.3687615	1.00028612741085	12210.9384971881	6088.66305025981	1.2385	1.38154025	BQ.1	Malaysia
1.27569319125	1.27355	0.031523890345042	0.031030818	1.227669	1.3305205	0.999890799545255	10594.233545118	5222.47433354527	1.21935075	1.343233	BQ.1.1	Malaysia
1.3150573525	1.313265	0.033816286928024	0.0333436740000002	1.263058	1.3735505	0.999864000887625	10526.6641719975	5753.87554297615	1.25366975	1.385392	XBB	Malaysia
1.32484753625	1.32423	0.0191874671075728	0.019444299	1.2944195	1.357202	1.0008070436146	10614.1640791628	5882.52458374489	1.28895925	1.363611	XBB.1	Malaysia
1.14019322125	1.13958	0.0165555339312575	0.016449447	1.11404	1.168431	1.00039806003776	15433.9021553121	5559.1801180876	1.10963975	1.175171	BA.2.75	Peru
1.36687587875	1.36309	0.0471794009527684	0.046412793	1.298136	1.449633	1.0017126455378	9942.9043048691	4933.82467848206	1.28617725	1.470662	BQ.1	Peru
1.30144166875	1.29919	0.0279985946592081	0.0278135760000002	1.2589495	1.350452	1.00005568428798	10699.0460706732	4468.45449864349	1.2523495	1.36126225	BQ.1.1	Peru
1.53300103125	1.527635	0.0716371585459292	0.0709275839999998	1.425429	1.6582605	0.999806743613439	9716.07953466153	5304.71719995073	1.407654	1.68708525	XBB	Peru
1.2690350175	1.25933	0.151997661250512	0.123344907	1.0446925	1.5184245	1.00024657130483	9638.06709199747	5021.14549217903	0.9914993	1.61110125	XBB.1	Peru
1.0601010425	1.06006	0.00370243287776369	0.00379545599999985	1.05407	1.0662505	0.999906234962264	10766.3733385898	5609.3702988464	1.05294975	1.067371	BA.2.75	Singapore
1.35046095875	1.349565	0.0252991804251555	0.0245444429999998	1.3098985	1.394771	1.00001708575694	11801.2142054714	6201.65491443284	1.3030485	1.40277025	BQ.1	Singapore
1.37463670875	1.373115	0.0278012324658638	0.0269907329999999	1.3307295	1.4221435	1.0004662116003	10611.998790891	5357.86903928254	1.32316675	1.43212125	BQ.1.1	Singapore
1.17450338375	1.17442	0.00786384376546113	0.00788743199999999	1.1618495	1.1876	1.00050074566239	9735.22786609507	5638.55207954673	1.15906975	1.18995	XBB	Singapore
1.1794668725	1.17943	0.00578498290811215	0.00572283599999996	1.16997	1.1891	1.00058397282	8608.59356857872	5687.14495100724	1.16804975	1.19106025	XBB.1	Singapore
