variable	mean	median	sd	mad	q5	q95	rhat	ess_bulk	ess_tail	Pango.lineage	q2.5	q97.5
growth_rate[1]	0.990710204	0.990801	0.00987508877093986	0.0103070352	0.9744669	1.0066305	1.00186160054749	3608.23129728058	2989.56100667352	BA.2.10	0.971773325	1.0096415
growth_rate[2]	1.15470394	1.154525	0.00462085320016492	0.00461829899999997	1.1472495	1.1624605	1.00206621254489	2225.08876137533	2445.13735084523	BA.2.75	1.14575	1.163871
growth_rate[3]	1.08457781	1.08449	0.00413985118643913	0.00421058399999993	1.077809	1.09159	1.00201528950147	2224.20706778288	2557.33782070217	BA.5_wo_mut	1.076699	1.0927805
growth_rate[4]	1.223332685	1.22313	0.0120472772572521	0.012031299	1.2038695	1.243313	1.00042048764547	2771.16518566632	2785.12845218784	BJ.1	1.20050675	1.247404
growth_rate[5]	1.2195271775	1.21945	0.0140224589907595	0.0139438529999998	1.1964195	1.24239	1.00191500025154	2678.88244053374	2575.86227339247	BM.1	1.19253625	1.24787125
growth_rate[6]	1.31352958	1.31367	0.0172337212656108	0.0168275100000003	1.284566	1.3421105	1.00087563970468	3339.73176376552	2797.80424069101	BM.1.1	1.2801485	1.3487115
growth_rate[7]	1.256796465	1.256525	0.0158275537818848	0.0159008849999998	1.2313795	1.283113	0.999976292984094	2905.65873764166	2877.07133642046	BM.1.1.1	1.226349	1.2889
growth_rate[8]	1.5050074625	1.5047	0.0165265901574297	0.0162937740000001	1.47833	1.53221	1.00232538749219	2389.68409213431	2667.1757496256	XBB	1.4736085	1.537361
growth_rate[9]	1.652733685	1.65169	0.0328705768207056	0.0321057029999998	1.599098	1.707434	1.00074733842805	2741.92042017397	2177.44307438707	XBB.1	1.5892885	1.722522
